0.002171
0.002287
0.00245
0.002577
0.002607
0.002588
0.00253
0.002489
0.002623
0.002941
0.00318
0.003441
0.003507
0.004078
0.004296
0.004656
0.005439
0.005347
0.006033
0.006385
0.006991
0.00724
0.008057
0.008423
0.008192
0.00848
0.008227
0.008364
0.008578
0.008745
0.008805
0.008724
0.009053
0.009236
0.009341
0.009449
0.009416
0.009642
0.009822
0.009729
0.009924
0.010093
0.010311
0.010342
0.010394
0.010352
0.010213
0.010203
0.010223
0.010265
0.010263
0.010165
0.009989
0.009747
0.009635
0.009659
0.009713
0.009694
0.009568
0.0094
0.009241
0.00916
0.00922
0.009307
0.009322
0.009169
0.009146
0.009154
0.009122
0.009173
0.009208
0.009181
0.009142
0.0091
0.009094
0.00896
0.008942
0.008996
0.009112
0.009138
0.009086
0.009031
0.008985
0.008991
0.009059
0.00904
0.008866
0.008607
0.008456
0.008421
0.008657
0.008951
0.008946
0.008546
0.007815
0.007123
0.006501
0.006011
0.005674
0.005445
0.005131
0.00475
0.004396
0.004115
0.003945
0.003847
0.003741
0.00361
0.00366
0.003846
0.004207
0.004843
0.005343
0.005558
0.005581
0.005511
0.005239
0.005025
0.004766
0.004387
0.004082
0.00371
0.003456
0.003212
0.002766
0.002284
0.001988
0.001843
0.00196
0.002175
0.002239
0.002098
0.001889
0.001808
0.001784
0.001803
0.001825
0.00181
0.00157
0.001488
0.00147
0.00148
0.001545
0.001481
0.001327
0.001277
0.00125
0.00126
0.001241
0.001203
0.001271
0.001289
0.001196
0.00115
0.00113
0.001132
0.001122
0.001117
0.001105
0.001039
0.000946
0.000921
0.000939
0.000906
0.000896
0.000911
0.001049
0.00157
0.002478
0.003181
0.003483
0.003621
0.003684
0.00364
0.003644
0.003634
0.003489
0.00345
0.003625
0.003963
0.004215
0.004763
0.005258
0.005816
0.006356
0.006489
0.007652
0.008005
0.008327
0.008189
0.008609
0.008693
0.008226
0.007779
0.007424
0.007284
0.007188
0.007067
0.007009
0.006873
0.006769
0.006802
0.006917
0.006994
0.007087
0.007111
0.007047
0.007005
0.007041
0.007077
0.007075
0.007058
0.007037
0.00703
0.007046
0.006993
0.00694
0.006872
0.00683
0.006866
0.006854
0.006908
0.006927
0.006892
0.006925
0.006942
0.006993
0.007011
0.006981
0.007011
0.00701
0.007008
0.007076
0.007179
0.007235
0.007195
0.007204
0.007189
0.00718
0.007216
0.007244
0.007254
0.007262
0.007254
0.0072
0.007174
0.007134
0.007115
0.007195
0.007282
0.007426
0.007331
0.007042
0.006601
0.006081
0.005614
0.005246
0.004975
0.004808
0.004693
0.004582
0.00451
0.004506
0.004492
0.00442
0.004388
0.00442
0.00443
0.00432
0.003946
0.003526
0.003056
0.002567
0.002141
0.001794
0.001361
0.000854
0.000386
3.3e-05
-0.00024
-0.000344
-0.000371
-0.000436
-0.000449
-0.000396
-0.000378
-0.000411
-0.000402
-0.000455
-0.000529
-0.000483
-0.000369
-0.000251
-0.000197
-0.000256
-0.000388
-0.000442
-0.000453
-0.000457
-0.000446
-0.00046
-0.000476
-0.000505
-0.000506
-0.000468
-0.000476
-0.000475
-0.000491
-0.000503
-0.000542
-0.000534
-0.000524
-0.000496
-0.000524
-0.000557
-0.000579
-0.00057
-0.00055
-0.000529
-0.000524
-0.000491
-0.000534
-0.00054
-0.000551
-0.000544
-0.00055
-0.000551
-0.000572
-0.000601
-0.000558
-0.000383
-3.9e-05
0.000577
0.001077
0.001482
0.001875
0.002169
0.002383
0.002592
0.002715
0.002833
0.003073
0.003244
0.003307
0.003568
0.004139
0.004801
0.005436
0.005992
0.006192
0.006475
0.006817
0.006919
0.007207
0.00786
0.008428
0.00911
0.009807
0.009975
0.009727
0.00946
0.008949
0.008642
0.008444
0.008349
0.008325
0.008339
0.008297
0.008122
0.007944
0.007834
0.007713
0.007508
0.007344
0.007206
0.007165
0.007007
0.006887
0.006752
0.006679
0.006676
0.006672
0.00667
0.006635
0.006548
0.006557
0.006609
0.006632
0.00661
0.006696
0.006759
0.0068
0.006866
0.006874
0.006941
0.006996
0.007047
0.007075
0.007017
0.007023
0.007091
0.007214
0.007265
0.007327
0.007285
0.007215
0.007224
0.00729
0.007344
0.007407
0.00738
0.007341
0.00728
0.007029
0.006585
0.006082
0.005477
0.005135
0.004901
0.004631
0.004462
0.004384
0.004255
0.004134
0.004119
0.004103
0.00416
0.004233
0.004219
0.004191
0.004056
0.00378
0.003463
0.00299
0.00231
0.001767
0.001343
0.000956
0.00079
0.000728
0.000596
0.000555
0.000491
0.000455
0.000466
0.000574
0.000633
0.000576
0.00051
0.000373
0.000261
0.000233
0.000229
0.000284
0.000279
0.000291
0.000224
0.000233
0.000211
0.000233
0.000195
0.000156
0.000133
8.4e-05
3.7e-05
4.1e-05
3.3e-05
1.1e-05
-0.000135
-0.000139
-0.000123
-0.000161
-0.00016
-0.00017
-0.000196
-0.000205
-0.000211
-0.000261
-0.000315
-0.000334
-0.000212
-0.000111
9.8e-05
0.000556
0.000981
0.001174
0.001355
0.001569
0.001874
0.00241
0.002853
0.003205
0.003468
0.003635
0.003669
0.003685
0.003725
0.003727
0.003797
0.004046
0.004407
0.004828
0.005478
0.005975
0.006408
0.0069
0.007403
0.007955
0.008685
0.009464
0.009898
0.010295
0.010591
0.010644
0.010401
0.010147
0.009856
0.009618
0.009576
0.0095
0.009438
0.009314
0.00916
0.009111
0.009029
0.008971
0.00891
0.008828
0.008751
0.00872
0.008602
0.008511
0.008441
0.008384
0.008318
0.008292
0.008311
0.008297
0.008225
0.008177
0.008141
0.008144
0.008143
0.008083
0.008095
0.007981
0.007899
0.007849
0.007851
0.007872
0.007913
0.007944
0.007731
0.007806
0.008147
0.008385
0.008483
0.00833
0.0081
0.008031
0.008139
0.008243
0.008325
0.008561
0.009087
0.009464
0.009639
0.009577
0.009371
0.009269
0.009209
0.008944
0.008581
0.008152
0.007589
0.00719
0.006886
0.006677
0.006477
0.006256
0.006119
0.006144
0.006188
0.005968
0.005669
0.0055
0.005282
0.005084
0.005049
0.004851
0.004512
0.004129
0.003635
0.003129
0.002739
0.002301
0.001801
0.001356
0.000891
0.000613
0.000426
0.000373
0.000437
0.000484
0.000497
0.000612
0.000938
0.001144
0.001222
0.001083
0.001024
0.00103
0.000977
0.001055
0.000905
0.000767
0.000758
0.000638
0.000858
0.000682
0.000912
0.000563
0.001025
0.001029
0.000967
0.000778
0.000608
0.000494
0.000648
0.000563
0.000515
0.000501
0.000458
0.000357
0.000389
0.000437
0.000544
0.000659
0.000668
0.000608
0.000526
0.000527
0.000641
0.000784
0.000841
0.000873
0.000823
0.000768
0.000765
0.000698
0.000482
0.000337
0.000414
0.000409
0.000711
0.001267
0.001893
0.00237
0.002766
0.003076
0.003359
0.003596
0.003724
0.003749
0.003897
0.003977
0.004176
0.004501
0.004825
0.005209
0.005845
0.006572
0.007642
0.008862
0.009788
0.010568
0.010824
0.010744
0.010445
0.010178
0.010001
0.010272
0.01038
0.01045
0.010391
0.010234
0.010201
0.010267
0.010318
0.010282
0.010292
0.010272
0.010221
0.01025
0.010292
0.010425
0.010437
0.010434
0.010289
0.010166
0.01018
0.010145
0.010162
0.010181
0.010227
0.010134
0.010058
0.009937
0.009863
0.009867
0.009884
0.009841
0.009711
0.00946
0.009285
0.009214
0.009274
0.00938
0.009387
0.009266
0.009232
0.009194
0.009208
0.009229
0.009195
0.009003
0.0089
0.00895
0.00901
0.00909
0.009152
0.009086
0.009018
0.00889
0.008799
0.008501
0.008174
0.007715
0.007031
0.006492
0.006149
0.005942
0.005901
0.005748
0.005615
0.005556
0.005487
0.005605
0.005589
0.00552
0.005277
0.005149
0.005005
0.00471
0.004484
0.004035
0.003417
0.002839
0.002306
0.001948
0.00177
0.001658
0.001581
0.001617
0.001722
0.001793
0.001917
0.002038
0.002057
0.001895
0.00146
0.001183
0.001095
0.001026
0.001029
0.001107
0.00109
0.001049
0.001079
0.001112
0.001086
0.000991
0.000914
0.000833
0.000753
0.000758
0.000812
0.000812
0.000761
0.000727
0.000636
0.000597
0.000572
0.000561
0.000533
0.000486
0.000457
0.000432
0.000411
0.000359
0.00032
0.000344
0.000328
0.000345
0.0003
0.000235
0.000212
0.000201
0.000196
0.000233
0.000267
0.000387
0.00065
0.001172
0.001786
0.002344
0.002804
0.003094
0.003392
0.003705
0.00393
0.004039
0.004106
0.004155
0.004178
0.004213
0.004227
0.004239
0.004353
0.004661
0.005237
0.006207
0.007233
0.008372
0.00927
0.009469
0.00921
0.009021
0.008743
0.008512
0.008422
0.008378
0.008403
0.008351
0.008208
0.008163
0.008062
0.007888
0.007761
0.007578
0.007343
0.007096
0.006881
0.006772
0.006834
0.006868
0.006826
0.006828
0.006733
0.006589
0.006555
0.00658
0.006613
0.006613
0.006622
0.006669
0.006662
0.006656
0.006585
0.006524
0.006578
0.006544
0.006518
0.006556
0.006606
0.006611
0.006586
0.006677
0.00697
0.007037
0.007032
0.007038
0.007004
0.006949
0.006935
0.006858
0.006908
0.006984
0.007029
0.007057
0.00711
0.007209
0.007269
0.007249
0.007105
0.006726
0.006189
0.005738
0.005323
0.005069
0.004907
0.004736
0.004588
0.00467
0.004688
0.004686
0.004728
0.004708
0.004792
0.004956
0.004918
0.004821
0.004574
0.004188
0.003779
0.003214
0.002558
0.002119
0.001763
0.001675
0.001825
0.002044
0.002271
0.002391
0.002373
0.002237
0.002268
0.002352
0.002365
0.002248
0.002096
0.001921
0.001775
0.001742
0.001673
0.00161
0.001501
0.001429
0.001425
0.001466
0.001509
0.001457
0.001289
0.001274
0.001253
0.00126
0.00125
0.001235
0.001276
0.001222
0.001179
0.001193
0.001213
0.001269
0.001272
0.001286
0.001278
0.001238
0.001331
0.001382
0.001362
0.001398
0.001421
0.001358
0.001321
0.001244
0.001204
0.001268
0.001366
0.001393
0.001362
0.001257
0.001114
0.000933
0.000805
0.000807
0.000927
0.001189
0.00152
0.001996
0.002551
0.003094
0.003523
0.003876
0.004019
0.004132
0.004223
0.004295
0.004342
0.004355
0.004211
0.004162
0.004176
0.004346
0.00461
0.004923
0.005419
0.006337
0.007793
0.00918
0.010176
0.010718
0.01053
0.010254
0.009875
0.009582
0.009532
0.009471
0.009447
0.009427
0.009383
0.009254
0.009019
0.008876
0.008977
0.00893
0.008713
0.008481
0.008357
0.008346
0.008404
0.008429
0.008445
0.008324
0.008198
0.00811
0.008108
0.008135
0.008129
0.008114
0.008021
0.007942
0.007903
0.007972
0.008021
0.008023
0.007945
0.007829
0.007771
0.007797
0.007769
0.007799
0.007857
0.007903
0.007877
0.007893
0.007768
0.00771
0.007744
0.007748
0.007838
0.007852
0.007931
0.008039
0.008193
0.008245
0.007925
0.007099
0.006509
0.006104
0.005888
0.005907
0.006008
0.006067
0.006107
0.006258
0.006309
0.006461
0.006555
0.006477
0.006403
0.006463
0.006421
0.006396
0.006566
0.006555
0.006467
0.006238
0.005683
0.005084
0.004656
0.004368
0.00428
0.004327
0.004314
0.004195
0.003995
0.003905
0.003924
0.003987
0.003988
0.003927
0.00384
0.003762
0.003688
0.003649
0.003585
0.003453
0.003389
0.003513
0.003543
0.003501
0.003426
0.003493
0.003586
0.003645
0.003802
0.003873
0.003835
0.003951
0.004059
0.004133
0.004099
0.004151
0.004115
0.004037
0.003963
0.003936
0.0039
0.003975
0.003991
0.003935
0.003795
0.003685
0.003605
0.003555
0.003573
0.003618
0.003531
0.003392
0.003317
0.003307
0.003307
0.003383
0.003409
0.003359
0.003357
0.003331
0.003528
0.003889
0.00434
0.004767
0.005151
0.005312
0.005367
0.005423
0.005453
0.005524
0.005692
0.005786
0.005716
0.005615
0.005626
0.005665
0.005823
0.006141
0.006507
0.007126
0.007917
0.008646
0.009372
0.009831
0.010091
0.010164
0.01016
0.00997
0.009621
0.00937
0.00904
0.008829
0.008732
0.008707
0.008787
0.008781
0.008656
0.008336
0.008125
0.007971
0.007796
0.00771
0.007545
0.007382
0.007281
0.007205
0.007172
0.007188
0.007225
0.00721
0.007052
0.006951
0.006903
0.006961
0.007017
0.007018
0.00702
0.006859
0.006791
0.00674
0.006627
0.006715
0.006828
0.006989
0.006959
0.006912
0.006911
0.006829
0.006851
0.006838
0.006754
0.006535
0.006468
0.00648
0.006522
0.00663
0.00668
0.006693
0.006656
0.006778
0.00698
0.006942
0.006749
0.006431
0.006161
0.005803
0.005518
0.005323
0.005202
0.005141
0.005177
0.005202
0.005268
0.005313
0.005365
0.005423
0.005558
0.005656
0.005649
0.005525
0.005211
0.004943
0.004631
0.004201
0.003723
0.003426
0.003183
0.002987
0.002867
0.002814
0.002651
0.002595