0.008916
0.009158
0.009277
0.009287
0.0091
0.008893
0.008655
0.008701
0.008887
0.009172
0.009454
0.00958
0.009558
0.009503
0.009359
0.009256
0.008995
0.009556
0.009017
0.008458
0.008047
0.007618
0.007179
0.00617
0.005412
0.00513
0.004719
0.004769
0.005181
0.004911
0.004831
0.004734
0.004516
0.004609
0.004274
0.00413
0.004102
0.003869
0.004091
0.004227
0.0042
0.004257
0.004141
0.00421
0.004442
0.004746
0.00491
0.004934
0.005001
0.005028
0.004975
0.004894
0.005096
0.00528
0.005369
0.005357
0.004971
0.004882
0.005143
0.005231
0.005264
0.005386
0.005309
0.005306
0.005442
0.005576
0.005762
0.005816
0.005911
0.006004
0.005824
0.00582
0.005709
0.005716
0.005738
0.005749
0.005865
0.00579
0.005798
0.005779
0.005676
0.005605
0.005412
0.005313
0.005262
0.005275
0.005189
0.005019
0.004774
0.004614
0.005002
0.005167
0.005583
0.005938
0.006437
0.006892
0.006999
0.006863
0.007194
0.006839
0.006706
0.006381
0.006496
0.006291
0.006462
0.006602
0.006928
0.006813
0.006754
0.006752
0.006574
0.006499
0.00617
0.005818
0.005641
0.00543
0.005314
0.005383
0.005382
0.00545
0.005466
0.005523
0.005648
0.006058
0.005839
0.006211
0.006801
0.00658
0.006548
0.006652
0.006503
0.006356
0.006816
0.007274
0.007157
0.006816
0.007185
0.006944
0.007179
0.007123
0.007153
0.007153
0.007235
0.007585
0.007969
0.008064
0.008018
0.007793
0.007626
0.007674
0.007682
0.007664
0.007703
0.007746
0.007946
0.008131
0.008089
0.008086
0.008012
0.007958
0.008175
0.008372
0.00846
0.008435
0.008305
0.00838
0.008665
0.008735
0.008641
0.008009
0.007413
0.006818
0.006551
0.006351
0.006397
0.006659
0.007185
0.007986
0.00874
0.009281
0.009569
0.009465
0.009189
0.008429
0.008057
0.007333
0.006345
0.005671
0.005139
0.004612
0.004407
0.003662
0.00328
0.002855
0.002875
0.003249
0.002933
0.003529
0.004301
0.004814
0.004755
0.004797
0.004779
0.004813
0.004822
0.004986
0.005029
0.005075
0.005367
0.005326
0.005419
0.005502
0.005419
0.00541
0.005437
0.005544
0.005578
0.005616
0.005687
0.005735
0.005881
0.005959
0.006104
0.005964
0.005935
0.00602
0.006131
0.006272
0.006252
0.006423
0.006375
0.006367
0.006338
0.006429
0.006375
0.00648
0.006361
0.006239
0.006137
0.006174
0.006439
0.006683
0.006435
0.006364
0.006273
0.006245
0.006559
0.006646
0.007333
0.009132
0.010358
0.011451
0.01223
0.012422
0.011873
0.01083
0.009694
0.008879
0.00824
0.007704
0.007179
0.006824
0.006847
0.007056
0.007314
0.007519
0.007341
0.006966
0.006626
0.006451
0.006746
0.00735
0.00803
0.008609
0.00893
0.009314
0.009661
0.009952
0.010207
0.01051
0.010873
0.011104
0.011166
0.011333
0.011488
0.011613
0.011726
0.011911
0.011831
0.011786
0.011776
0.011785
0.011684
0.011667
0.011715
0.011658
0.011713
0.011852
0.012103
0.012176
0.012146
0.012145
0.012189
0.012199
0.012246
0.012266
0.012232
0.012193
0.012186
0.012212
0.012215
0.012238
0.012247
0.01223
0.012262
0.012301
0.012331
0.012265
0.01218
0.011981
0.011928
0.01191
0.011928
0.011951
0.011944
0.011934
0.011862
0.011858
0.01176
0.011554
0.010842
0.010122
0.00977
0.009918
0.010566
0.011296
0.011987
0.012925
0.014197
0.015319
0.016246
0.016872
0.017342
0.0177
0.017809
0.017551
0.016796
0.016075
0.015765
0.015304
0.01491
0.014495
0.014003
0.013731
0.012714
0.011822
0.011093
0.010188
0.010014
0.010393
0.010785
0.01158
0.012331
0.012629
0.012669
0.012636
0.012469
0.012692
0.013017
0.013129
0.013285
0.013478
0.013416
0.013555
0.013466
0.013491
0.014078
0.014107
0.014312
0.014542
0.014585
0.014752
0.014722
0.014662
0.014631
0.014649
0.014573
0.014545
0.014561
0.014348
0.014343
0.014368
0.014491
0.014433
0.014476
0.01426
0.014306
0.014258
0.014075
0.013959
0.014059
0.014007
0.013698
0.013468
0.012939
0.012453
0.01243
0.013127
0.014067
0.015331
0.016496
0.017054
0.017428
0.017423
0.017158
0.016719
0.0162
0.015252
0.014205
0.013279
0.012465
0.011712
0.010983
0.010113
0.009473
0.009156
0.009033
0.008931
0.008828
0.008785
0.008927
0.00943
0.010063
0.01051
0.010877
0.011247
0.011589
0.011754
0.01185
0.011922
0.011895
0.011846
0.011787
0.011732
0.011602
0.011493
0.011365
0.011333
0.011302
0.011377
0.011426
0.011441
0.011319
0.011161
0.0111
0.011211
0.011307
0.01125
0.011133
0.01103
0.011022
0.011118
0.011119
0.011103
0.010974
0.010876
0.010866
0.010976
0.011062
0.011067
0.010993
0.010941
0.01105
0.011171
0.011296
0.011405
0.011272
0.011164
0.011237
0.011272
0.011293
0.01121
0.011057
0.01104
0.011085
0.011202
0.01132
0.011305
0.011354
0.011191
0.011209
0.011217
0.010787
0.009914
0.009268
0.009532
0.009423
0.009581
0.01015
0.010645
0.011273
0.011802
0.012431
0.013095
0.013973
0.014344
0.014258
0.013959
0.01366
0.013796
0.013692
0.013316
0.012958
0.012418
0.012242
0.011403
0.010545
0.010463
0.009731
0.009756
0.010214
0.010549
0.011155
0.011634
0.011515
0.0117
0.011718
0.011788
0.011946
0.012019
0.012275
0.012114
0.012385
0.012388
0.012213
0.012271
0.012213
0.012327
0.012167
0.012211
0.01221
0.012011
0.011954
0.011873
0.011913
0.011944
0.012217
0.012301
0.01208
0.012027
0.011956
0.012129
0.012089
0.012285
0.012198
0.011993
0.011874
0.011897
0.012071
0.012246
0.01241
0.012232
0.01203
0.011696
0.011644
0.011495
0.011485
0.011465
0.011458
0.011296
0.011574
0.012488
0.013721
0.014772
0.015321
0.015517
0.015546
0.015444
0.015237
0.014955
0.014664
0.014183
0.013809
0.013106
0.012463
0.012013
0.011731
0.011373
0.010769
0.009989
0.009209
0.008757
0.008491
0.008286
0.008251
0.008367
0.008393
0.008567
0.008869
0.00928
0.009927
0.01051
0.011013
0.011368
0.011446
0.011499
0.011414
0.011255
0.011196
0.011095
0.011016
0.011008
0.011183
0.011157
0.01107
0.010828
0.010566
0.010583
0.010603
0.010591
0.01053
0.010376
0.010382
0.010505
0.010555
0.010394
0.010125
0.009928
0.009903
0.01006
0.01015
0.010175
0.010163
0.009982
0.009975
0.010104
0.010117
0.010169
0.010092
0.009997
0.010098
0.010292
0.010325
0.010407
0.010353
0.010182
0.010216
0.010331
0.010367
0.010448
0.010374
0.010139
0.009458
0.008839
0.008734
0.009006
0.00942
0.010156
0.011278
0.012459
0.01357
0.014386
0.015037
0.015703
0.016184
0.016246
0.015902
0.015481
0.015096
0.014246
0.013614
0.012652
0.011416
0.010513
0.009299
0.008039
0.007569
0.007488
0.007348
0.007347
0.007616
0.008253
0.00865
0.008785
0.009099
0.009106
0.009255
0.009476
0.009778
0.010106
0.010089
0.010078
0.010212
0.010206
0.010376
0.010509
0.010824
0.011164
0.011279
0.01152
0.011648
0.011776
0.01184
0.011942
0.011965
0.012156
0.012269
0.012169
0.011996
0.011936
0.01194
0.011981
0.011945
0.011814
0.011718
0.011777
0.011796
0.011867
0.011939
0.011948
0.011907
0.011741
0.011927
0.011656
0.012048
0.011575
0.011466
0.011335
0.011376
0.011274
0.011341
0.01098
0.010346
0.010245
0.011122
0.011849
0.012811
0.013773
0.014126
0.014588
0.01506
0.014977
0.014675
0.014483
0.014172
0.013886
0.013472
0.012821
0.012316
0.011541
0.011231
0.010977
0.010549
0.009822
0.009324
0.008975
0.008748
0.008367
0.008111
0.007803
0.007755
0.007632
0.007991
0.00807
0.008454
0.009164
0.009579
0.009637
0.009903
0.010589
0.01127
0.011461
0.011345
0.011522
0.012085
0.011729
0.012427
0.011866
0.012227
0.01186
0.011871
0.011956
0.011886
0.012155
0.012079
0.012367
0.012212
0.012063
0.012072
0.012079
0.01218
0.012093
0.01201
0.011929
0.012025
0.012198
0.012277
0.012267
0.012282
0.012131
0.012099
0.012082
0.011744
0.011087
0.010587
0.010211
0.009927
0.009697
0.009629
0.009655
0.009684
0.00961
0.009549
0.009428
0.009203
0.008866
0.008954
0.009224
0.009777
0.010746
0.011876
0.013108
0.014238
0.014766
0.014962
0.015514
0.016078
0.016444
0.01618
0.015595
0.014475
0.012944
0.01168
0.009941
0.008505
0.007987
0.007627
0.008209
0.009025
0.009489
0.01021
0.010581
0.010992
0.011273
0.011434
0.011201
0.011142
0.011086
0.011462
0.012033
0.012233
0.012398
0.012241
0.012148
0.012043
0.012226
0.012367
0.012477
0.012755
0.012814
0.012977
0.013051
0.013094
0.013439
0.01362
0.013922
0.014013
0.014151
0.0141
0.014115
0.01419
0.014188
0.014252
0.014215
0.014244
0.014194
0.014275
0.014292
0.014383
0.014395
0.014442
0.014375
0.014421
0.01449
0.014536
0.014442
0.014269
0.01434
0.014225
0.014447
0.014551
0.014197
0.013785
0.013134
0.012837
0.013938
0.015479
0.016401
0.01672
0.016614
0.016364
0.01596
0.015443
0.014673
0.013785
0.012898
0.012084
0.011423
0.010989
0.010655
0.010269
0.009851
0.009587
0.00953
0.009559
0.009876
0.010207
0.010488
0.010929
0.011479
0.011791
0.012
0.012263
0.01234
0.012321
0.012348
0.012311
0.012254
0.01223
0.012127
0.012138
0.012002
0.011828
0.011629
0.011416
0.01124
0.011165
0.011158
0.011109
0.011244
0.011306
0.011325
0.011299
0.011309
0.011253
0.011333
0.011351
0.011365
0.011378
0.011544
0.011606
0.011607
0.011619
0.011519
0.011455
0.011444
0.011437
0.01151
0.011649
0.01206
0.012397
0.012033
0.011967
0.012131
0.012456
0.012422
0.012334
0.012298
0.012274
0.012326
0.012394
0.012251
0.012242
0.01232
0.012604
0.012346
0.011603
0.010536
0.009616
0.009165
0.009038
0.009164
0.0096
0.010411
0.011337
0.012083
0.012594
0.01316
0.013825
0.014057
0.014138
0.014055
0.012951
0.011153
0.00955
0.008483
0.007649
0.006829
0.006602
0.005882
0.005249
0.005408
0.005799
0.00637
0.006558
0.006817
0.007275
0.007609
0.007853
0.007982
0.007768
0.00802
0.008271
0.008494
0.008786
0.008849
0.00912
0.009419
0.009634
0.009581
0.009626
0.009793
0.009794
0.009906
0.010033
0.010058
0.010211
0.010128
0.010259
0.010572
0.010473
0.010366
0.01013
0.00952
0.009284
0.009063
0.008976
0.008784
0.008597
0.008252
0.007702
0.007638
0.007846
0.008156
0.008813
0.009243
0.009401
0.009507
0.009684
0.009925
0.010134
0.010312
0.010529
0.011005
0.011573
0.012013
0.012279
0.012002
0.011668
0.011155
0.0106
0.009955
0.009228
0.00853
0.008111
0.007971
0.008074
0.008146
0.008122
0.008085
0.00812
0.008198
0.008356
0.008148
0.007592
0.007567
0.007788
0.007929
0.007629
0.007918
0.008369
0.008851
0.009388
0.010013
0.010623
0.011189
0.011659
0.011969
0.012117
0.012158
0.012155
0.01224
0.01216
0.012121
0.012164
0.012127
0.012248
0.012307
0.012307
0.012236
0.012217
0.012195
0.01216
0.012162
0.012153
0.012151
0.012138
0.012173
0.012243
0.012258
0.012236
0.012215
0.012132
0.01215
0.01212
0.012193
0.012108
0.012103
0.012067
0.011992
0.012042
0.012106
0.01206
0.01215
0.012121
0.012082
0.012124
0.012087
0.012182
0.01215
0.012105
0.012081
0.012113
0.012142
0.012204
0.012127
0.011991
0.011945
0.011969
0.011605
0.010871
0.009979
0.009235
0.00858
0.008195
0.007948
0.008176
0.008821
0.009542
0.010368
0.01125
0.012167
0.013431
0.014406
0.015144
0.015524
0.015697
0.015407
0.014498
0.013477
0.011777
0.010194
0.009276
0.008091
0.007529
0.007532
0.0071
0.007228
0.00746
0.00767
0.008164
0.008245
0.0085
0.008734
0.008713
0.008896
0.008999
0.008958
0.009198
0.009367
0.009625
0.009739
0.009752
0.010101
0.010269
0.010456
0.010728
0.010698
0.010757
0.0107
0.011011
0.011317
0.011475
0.011725
0.011611
0.011579
0.011406
0.011404
0.011405
0.011424
0.011665
0.011393
0.011181
0.010735
0.010337
0.010263
0.010498
0.010592
0.010935
0.010942
0.010725
0.010803
0.010836
0.01098
0.0109
0.010945
0.010676
0.011009
0.011926
0.012632
0.013058
0.013412
0.013518
0.013663
0.013626
0.013099
0.012548
0.012311
0.012313
0.012556
0.013117
0.013521
0.014223
0.014069
0.012987
0.013223
0.012523
0.012064
0.012654
0.012922
0.012665
0.012267
0.012122
0.012408
0.012538
0.012234
0.012255
0.012233
0.01114
0.009997